tweet_id,retweet_count,favorites,user_favorites
892420643555336193,7762,36494,144702
892177421306343426,5754,31462,144702
891815181378084864,3809,23702,144702
891689557279858688,7929,39831,144702
891327558926688256,8556,38034,144702
891087950875897856,2859,19139,144702
890971913173991426,1870,11146,144702
890729181411237888,17333,61548,144702
890609185150312448,3944,26362,144702
890240255349198849,6754,30143,144702
890006608113172480,6745,29009,144702
889880896479866881,4586,26358,144702
889665388333682689,9196,45423,144702
889638837579907072,4130,25582,144702
889531135344209921,2076,14299,144702
889278841981685760,4905,23816,144702
888917238123831296,4142,27527,144702
888804989199671297,3913,24175,144702
888554962724278272,3206,18683,144702
888078434458587136,3182,20576,144702
887705289381826560,4945,28570,144702
887517139158093824,10811,43801,144702
887473957103951883,16555,65090,144702
887343217045368832,9620,31815,144702
887101392804085760,5479,28946,144702
886983233522544640,7062,33073,144702
886736880519319552,2960,11350,144702
886680336477933568,4105,21227,144702
886366144734445568,2909,19987,144702
886267009285017600,4,113,144702
886258384151887873,5802,26470,144702
886054160059072513,100,0,144702
885984800019947520,6180,30803,144702
885528943205470208,5876,34000,144702
885518971528720385,3434,19364,144702
885311592912609280,17050,0,144702
885167619883638784,4022,20695,144702
884925521741709313,16654,73006,144702
884876753390489601,5140,26333,144702
884562892145688576,4322,22957,144702
884441805382717440,5231,25579,144702
884247878851493888,18728,68782,144702
884162670584377345,2751,19287,144702
883838122936631299,3163,20648,144702
883482846933004288,9081,43344,144702
883360690899218434,3415,21456,144702
883117836046086144,6102,35085,144702
882992080364220416,3580,22591,144702
882762694511734784,4500,26734,144702
882627270321602560,5588,26441,144702
882268110199369728,10656,42409,144702
882045870035918850,4504,27716,144702
881906580714921986,3121,23010,144702
881666595344535552,9832,47873,144702
881633300179243008,7,120,144702
881536004380872706,14696,46766,144702
881268444196462592,4836,21939,144702
880935762899988482,2564,16134,144702
880872448815771648,3524,20133,144702
880465832366813184,5739,26954,144702
880221127280381952,3839,25538,144702
880095782870896641,3994,26129,144702
879862464715927552,3223,21141,144702
879674319642796034,10,298,144702
879492040517615616,2932,22195,144702
879415818425184262,40910,100062,144702
879376492567855104,2883,15906,144702
879130579576475649,6264,0,144702
879050749262655488,4315,21326,144702
879008229531029506,2474,17972,144702
878776093423087618,3759,18335,144702
878604707211726852,6561,28534,144702
878404777348136964,1185,0,144702
878316110768087041,6143,0,144702
878281511006478336,1185,7317,144702
878057613040115712,6264,39834,144702
877736472329191424,17486,75183,144702
877611172832227328,74,0,144702
877556246731214848,3510,21510,144702
877316821321428993,4791,25948,144702
877201837425926144,5153,25669,144702
876838120628539392,3075,19586,144702
876537666061221889,4324,22382,144702
876484053909872640,2195,17777,144702
876120275196170240,4310,26515,144702
875747767867523072,3946,23851,144702
875144289856114688,4539,20761,144702
875097192612077568,5623,26034,144702
875021211251597312,4369,24176,144702
874680097055178752,4279,26391,144702
874434818259525634,13464,0,144702
874296783580663808,3801,24697,144702
874057562936811520,3681,21546,144702
874012996292530176,9523,32614,144702
873580283840344065,3632,22996,144702
873337748698140672,1476,0,144702
873213775632977920,1476,6806,144702
872967104147763200,5040,25952,144702
872820683541237760,3450,14007,144702
872620804844003328,3393,19712,144702
872486979161796608,8394,38756,144702
872122724285648897,7521,32679,144702
871879754684805121,10253,35851,144702
871762521631449091,3242,19278,144702
871515927908634625,3239,19216,144702
871166179821445120,5320,0,144702
871102520638267392,5140,19949,144702
871032628920680449,3572,21677,144702
870804317367881728,5781,32082,144702
870726314365509632,3,117,144702
870656317836468226,2470,11802,144702
870374049280663552,24714,79111,144702
870308999962521604,3877,20894,144702
870063196459192321,7777,34918,144702
869772420881756160,9449,40614,144702
869702957897576449,5906,26998,144702
869596645499047938,2928,15275,144702
869227993411051520,3546,19532,144702
868880397819494401,13529,62617,144702
868639477480148993,1951,0,144702
868622495443632128,4970,25543,144702
868552278524837888,1951,9651,144702
867900495410671616,3927,23194,144702
867774946302451713,6916,32553,144702
867421006826221569,2339,15433,144702
867072653475098625,113,0,144702
867051520902168576,7415,30901,144702
866720684873056260,4513,19242,144702
866686824827068416,3275,18512,144702
866450705531457537,33232,117360,144702
866334964761202691,13464,50355,144702
866094527597207552,7915,0,144702
865718153858494464,5310,24657,144702
865359393868664832,4727,25458,144702
865006731092295680,7277,26956,144702
864873206498414592,8233,31067,144702
864279568663928832,2856,14035,144702
864197398364647424,8390,28917,144702
863907417377173506,3916,19844,144702
863553081350529029,3977,14716,144702
863471782782697472,2306,0,144702
863432100342583297,4971,22947,144702
863427515083354112,91,2137,144702
863079547188785154,1052,8467,144702
863062471531167744,2306,8172,144702
862831371563274240,4885,18517,144702
862722525377298433,3360,16494,144702
862457590147678208,4696,19748,144702
862096992088072192,22058,71819,144702
861383897657036800,10215,34893,144702
861288531465048066,3943,16596,144702
861005113778896900,3639,16153,144702
860981674716409858,2046,0,144702
860924035999428608,768,0,144702
860563773140209665,2046,7261,144702
860524505164394496,5070,22882,144702
860276583193509888,3342,17782,144702
860184849394610176,5586,16150,144702
860177593139703809,29576,0,144702
859924526012018688,3923,18972,144702
859851578198683649,3363,14960,144702
859607811541651456,1492,18048,144702
859196978902773760,28882,87247,144702
859074603037188101,13070,32859,144702
858860390427611136,7795,0,144702
858843525470990336,3347,15132,144702
858471635011153920,4661,20911,144702
858107933456039936,2793,15326,144702
857989990357356544,2494,15655,144702
857746408056729600,10227,33350,144702
857393404942143489,1577,5734,144702
857263160327368704,4359,19526,144702
857214891891077121,17,219,144702
857062103051644929,164,0,144702
857029823797047296,3844,18409,144702
856543823941562368,2782,15931,144702
856526610513747968,1812,11572,144702
856330835276025856,648,0,144702
856288084350160898,15,505,144702
856282028240666624,6093,27120,144702
855862651834028034,25,334,144702
855860136149123072,950,4834,144702
855857698524602368,2046,11603,144702
855851453814013952,17448,44686,144702
855818117272018944,5264,26105,144702
855459453768019968,7975,29227,144702
855245323840757760,5797,0,144702
855138241867124737,43,0,144702
854732716440526848,5913,22357,144702
854482394044301312,6696,28778,144702
854365224396361728,4570,18553,144702
854120357044912130,7302,31447,144702
854010172552949760,3071,15960,144702
853760880890318849,5606,28133,144702
853639147608842240,9841,34221,144702
853299958564483072,3475,15274,144702
852936405516943360,1962,0,144702
852912242202992640,1781,8925,144702
852672615818899456,2112,14717,144702
852553447878664193,3416,16099,144702
852311364735569921,9767,32735,144702
852226086759018497,6720,19741,144702
852189679701164033,1557,11320,144702
851861385021730816,19,0,144702
851591660324737024,3426,16098,144702
851464819735769094,6942,24011,144702
851224888060895234,5646,20492,144702
850753642995093505,9019,30578,144702
850380195714523136,2578,12981,144702
850333567704068097,326,3429,144702
850145622816686080,3753,16206,144702
850019790995546112,4822,20286,144702
849776966551130114,7526,30258,144702
849668094696017920,4901,0,144702
849412302885593088,3130,15775,144702
849336543269576704,1883,11348,144702
849051919805034497,8391,42097,144702
848690551926992896,4280,25063,144702
848324959059550208,4565,24599,144702
848213670039564288,727,8138,144702
848212111729840128,3012,16242,144702
847978865427394560,3233,0,144702
847971574464610304,429,0,144702
847962785489326080,5041,23412,144702
847842811428974592,1321,5410,144702
847617282490613760,413,6966,144702
847606175596138505,3400,18700,144702
847251039262605312,4276,20439,144702
847157206088847362,5813,19815,144702
847116187444137987,3160,21388,144702
846874817362120707,3908,20058,144702
846514051647705089,11510,44555,144702
846505985330044928,3047,14075,144702
846153765933735936,9005,31578,144702
846139713627017216,9966,31021,144702
846042936437604353,2853,15967,144702
845812042753855489,8672,29247,144702
845677943972139009,4773,25185,144702
845397057150107648,1799,7631,144702
845306882940190720,5374,23355,144702
845098359547420673,7623,0,144702
844979544864018432,2554,13647,144702
844973813909606400,3180,15098,144702
844580511645339650,3121,16497,144702
844223788422217728,2191,13665,144702
843981021012017153,2943,15205,144702
843856843873095681,4613,21500,144702
843604394117681152,2742,16929,144702
843235543001513987,6018,21558,144702
842846295480000512,3632,15308,144702
842765311967449089,1284,6760,144702
842535590457499648,3507,18153,144702
842163532590374912,5797,24550,144702
842115215311396866,3035,14026,144702
841833993020538882,15151,0,144702
841680585030541313,7810,25812,144702
841439858740625411,3693,12707,144702
841320156043304961,5501,19873,144702
841314665196081154,4673,15898,144702
841077006473256960,5320,22985,144702
840761248237133825,1770,0,144702
840728873075638272,16203,0,144702
840698636975636481,2,177,144702
840696689258311684,976,12358,144702
840632337062862849,1770,9047,144702
840370681858686976,4557,16551,144702
840268004936019968,5758,19388,144702
839990271299457024,2283,13497,144702
839549326359670784,7795,27657,144702
839290600511926273,145,0,144702
839239871831150596,6559,27332,144702
838952994649550848,4025,19799,144702
838921590096166913,2073,11237,144702
838916489579200512,35,0,144702
838831947270979586,11075,0,144702
838561493054533637,1344,11010,144702
838476387338051585,4808,22703,144702
838201503651401729,10132,0,144702
838150277551247360,332,1685,144702
838085839343206401,1,142,144702
838083903487373313,3159,17775,144702
837820167694528512,7915,34423,144702
837482249356513284,445,3869,144702
837471256429613056,2294,12915,144702
837110210464448512,2379,16186,144702
836989968035819520,2304,12877,144702
836753516572119041,4676,19489,144703
836677758902222849,2242,12712,144702
836648853927522308,560,0,144702
836397794269200385,27767,0,144702
836380477523124226,3008,14891,144702
836260088725786625,4331,21513,144702
836001077879255040,4299,19282,144702
835685285446955009,8202,0,144702
835574547218894849,3649,17978,144702
835536468978302976,1720,0,144702
835309094223372289,21190,0,144702
835297930240217089,3046,16643,144702
835264098648616962,1720,7813,144702
835246439529840640,73,2126,144702
835172783151792128,5822,26453,144702
835152434251116546,3048,22662,144702
834931633769889797,1664,10929,144702
834786237630337024,5556,21568,144702
834574053763584002,2565,13808,144702
834477809192075265,10780,0,144702
834458053273591808,1702,9728,144702
834209720923721728,4817,20845,144702
834167344700198914,3698,15996,144702
834089966724603904,2159,10152,144702
834086379323871233,2229,13210,144702
833863086058651648,2435,13557,144702
833826103416520705,3808,18229,144702
833732339549220864,223,0,144702
833722901757046785,3268,21029,144702
833479644947025920,2080,15018,144702
833124694597443584,4901,20421,144702
832998151111966721,2230,13437,144702
832769181346996225,39,0,144702
832757312314028032,3672,17056,144702
832682457690300417,2956,12022,144702
832645525019123713,537,2966,144702
832636094638288896,2826,16052,144702
832397543355072512,2246,12107,144702
832369877331693569,3233,17397,144702
832273440279240704,2368,11490,144702
832215909146226688,6288,0,144702
832215726631055365,9472,0,144702
832088576586297345,2,64,144702
832040443403784192,9753,0,144702
832032802820481025,4731,18106,144702
831939777352105988,6232,24312,144702
831926988323639298,34,341,144702
831911600680497154,6598,28004,144702
831670449226514432,1850,10587,144702
831650051525054464,1962,7255,144702
831552930092285952,2342,9112,144702
831322785565769729,1576,9387,144702
831315979191906304,1141,6643,144702
831309418084069378,2492,11913,144702
831262627380748289,2081,12070,144702
830956169170665475,1518,8098,144702
830583320585068544,17050,67867,144702
830173239259324417,5784,0,144702
830097400375152640,2998,9967,144702
829878982036299777,5109,0,144702
829861396166877184,1980,12404,144702
829501995190984704,10780,32241,144702
829449946868879360,2060,10621,144702
829141528400556032,7480,24812,144702
829011960981237760,16549,53906,144702
828801551087042563,3469,0,144702
828770345708580865,5963,25972,144702
828708714936930305,11382,37131,144702
828650029636317184,1375,9664,144702
828409743546925057,1182,6444,144702
828408677031882754,1312,7791,144702
828381636999917570,2252,12785,144702
828376505180889089,1089,7493,144702
828372645993398273,2991,12761,144702
828361771580813312,173,2233,144702
828046555563323392,2923,11964,144702
828011680017821696,2184,10518,144702
827933404142436356,5334,20426,144702
827653905312006145,3067,15723,144702
827600520311402496,958,7549,144702
827324948884643840,3112,16122,144702
827199976799354881,2265,10747,144702
826958653328592898,5109,21939,144702
826848821049180160,10363,36989,144702
826615380357632002,4059,0,144702
826598799820865537,257,5204,144702
826598365270007810,2391,10214,144702
826476773533745153,4279,18747,144702
826240494070030336,2650,13524,144702
826204788643753985,941,4961,144702
826115272272650244,3197,15923,144702
825876512159186944,1913,10654,144702
825829644528148480,2537,12950,144702
825535076884762624,17843,57762,144702
825147591692263424,4632,18646,144702
825120256414846976,1289,0,144702
825026590719483904,1289,6435,144702
824796380199809024,5599,0,144702
824775126675836928,3600,15206,144702
824663926340194305,1774,10280,144702
824325613288833024,10708,12024,144702
824297048279236611,3950,15350,144702
824025158776213504,609,4911,144702
823939628516474880,2760,10825,144702
823719002937630720,11448,0,144702
823699002998870016,2574,14227,144702
823581115634085888,2681,13281,144702
823333489516937216,25,714,144702
823322678127919110,4118,16034,144702
823269594223824897,10114,0,144702
822975315408461824,3533,17649,144702
822872901745569793,44265,134432,144702
822859134160621569,2338,13539,144702
822647212903690241,6549,0,144702
822610361945911296,3020,15115,144702
822489057087389700,6549,18530,144702
822462944365645825,14676,28684,144702
822244816520155136,10114,35687,144702
822163064745328640,4896,0,144702
821886076407029760,2359,11564,144702
821813639212650496,3427,0,144702
821765923262631936,1688,8602,144702
821522889702862852,1808,8200,144702
821421320206483457,5727,0,144702
821407182352777218,4458,12034,144702
821153421864615936,10,262,144703
821149554670182400,2043,8846,144702
821107785811234820,2186,9788,144702
821044531881721856,2332,12920,144702
820837357901512704,6899,0,144702
820749716845686786,10132,32228,144702
820690176645140481,3312,12477,144702
820494788566847489,575,0,144702
820446719150292993,2630,0,144702
820314633777061888,575,3412,144702
820078625395449857,6451,20250,144702
820013781606658049,1210,0,144702
819952236453363712,1210,5432,144702
819924195358416896,4979,13175,144702
819711362133872643,3188,13708,144702
819588359383371776,2038,9847,144702
819347104292290561,1235,7388,144702
819238181065359361,414,2326,144702
819227688460238848,6899,23609,144702
819015337530290176,37761,0,144702
819015331746349057,19410,0,144702
819006400881917954,19410,46305,144702
819004803107983360,37761,88902,144702
818646164899774465,21520,0,144702
818627210458333184,7726,22904,144702
818614493328580609,2636,10076,144702
818588835076603904,6306,0,144702
818536468981415936,2530,11166,144702
818307523543449600,8316,0,144702
818259473185828864,2337,11287,144702
818145370475810820,2638,12591,144702
817908911860748288,824,4972,144702
817827839487737858,27767,52984,144702
817777686764523521,2763,10996,144702
817536400337801217,3051,12046,144702
817502432452313088,3484,0,144702
817423860136083457,15151,34747,144702
817415592588222464,977,5733,144702
817181837579653120,8694,0,144702
817171292965273600,2075,8968,144702
817120970343411712,2671,12503,144702
817056546584727552,1685,8802,144702
816829038950027264,4835,0,144702
816816676327063552,2086,10254,144702
816697700272001025,2253,10031,144702
816450570814898180,8316,31273,144702
816336735214911488,2000,8827,144702
816091915477250048,2203,9146,144702
816062466425819140,1056,0,144702
816014286006976512,5417,0,144702
815990720817401858,1056,5082,144702
815966073409433600,8694,22962,144702
815745968457060357,4251,0,144702
815736392542261248,2335,10100,144702
815639385530101762,1691,8434,144702
815390420867969024,3911,10619,144702
814986499976527872,1316,7852,144702
814638523311648768,2778,11555,144702
814578408554463233,5990,0,144702
814530161257443328,1912,8876,144702
814153002265309185,8934,29547,144702
813944609378369540,3265,0,144702
813910438903693312,1924,9535,144702
813812741911748608,14369,37366,144702
813800681631023104,1813,8548,144702
813217897535406080,7511,19141,144702
813202720496779264,1857,9472,144702
813187593374461952,4493,20412,144702
813172488309972993,1983,9527,144702
813157409116065792,2277,7982,144702
813142292504645637,2447,8697,144702
813130366689148928,460,4594,144702
813127251579564032,3229,12166,144702
813112105746448384,2823,10586,144702
813096984823349248,3716,10830,144702
813081950185472002,2849,10137,144702
813066809284972545,2007,8175,144702
813051746834595840,7579,21528,144702
812781120811126785,1965,7778,144702
812709060537683968,1475,6799,144702
812503143955202048,1257,6233,144702
812466873996607488,1994,8184,144702
812372279581671427,3778,14046,144702
811985624773361665,1446,7459,144702
811744202451197953,1640,7751,144702
811647686436880384,764,5757,144702
811627233043480576,3176,13118,144702
811386762094317568,6570,21508,144702
810984652412424192,1479,5488,144702
810896069567610880,1822,9273,144702
810657578271330305,2737,11276,144702
810284430598270976,11669,36273,144702
810254108431155201,3469,15110,144702
809920764300447744,4059,15945,144702
809808892968534016,5052,0,144702
809448704142938112,1506,7128,144702
809220051211603969,5784,20490,144702
809084759137812480,3627,13615,144702
808838249661788160,3134,10391,144702
808733504066486276,2231,8145,144702
808501579447930884,2687,11628,144702
808344865868283904,21520,43819,144702
808134635716833280,6114,0,144702
808106460588765185,2277,9029,144702
808001312164028416,3639,12904,144702
807621403335917568,3748,15004,144702
807106840509214720,57266,121782,144702
807059379405148160,7573,0,144702
807010152071229440,3977,13429,144702
806629075125202948,35803,76983,144702
806620845233815552,5705,0,144702
806576416489959424,2007,5029,144702
806542213899489280,2430,10515,144702
806242860592926720,12007,0,144702
806219024703037440,1225,6608,144702
805958939288408065,5525,0,144702
805932879469572096,1978,8505,144702
805826884734976000,1885,6754,144702
805823200554876929,8291,0,144702
805520635690676224,1715,5913,144702
805487436403003392,2601,9047,144702
805207613751304193,1772,8037,144702
804738756058218496,3938,14080,144702
804475857670639616,2076,6313,144702
804413760345620481,3330,0,144702
804026241225523202,16674,45852,144702
803773340896923648,2833,10352,144702
803692223237865472,7663,0,144702
803638050916102144,4273,11267,144702
803380650405482500,1922,7991,144702
803321560782307329,5487,0,144702
803276597545603072,2534,10327,144702
802952499103731712,2073,9287,144702
802624713319034886,2996,0,144702
802600418706604034,1515,7313,144702
802572683846291456,2585,9200,144702
802323869084381190,6014,16685,144702
802265048156610565,1417,6966,144702
802239329049477120,2703,9338,144702
802185808107208704,279,0,144702
801958328846974976,1759,7966,144702
801854953262350336,244,1829,144702
801538201127157760,2127,8458,144702
801285448605831168,848,6234,144702
801167903437357056,6114,25212,144702
801127390143516673,4076,0,144702
801115127852503040,2174,8313,144702
800859414831898624,98,706,144702
800855607700029440,1663,0,144702
800751577355128832,2883,10866,144702
800513324630806528,3083,13528,144702
800459316964663297,2238,9785,144702
800443802682937345,4456,0,144702
800388270626521089,2896,11499,144702
800188575492947969,4071,0,144702
800141422401830912,2630,15753,144702
800018252395122689,13596,29222,144702
799774291445383169,4841,0,144702
799757965289017345,2228,8650,144702
799422933579902976,1985,8293,144702
799308762079035393,5648,0,144702
799297110730567681,2849,10189,144702
799063482566066176,2542,8319,144702
798933969379225600,4626,13491,144702
798925684722855936,1484,7706,144702
798705661114773508,6864,0,144702
798701998996647937,8053,0,144702
798697898615730177,6698,0,144702
798694562394996736,5120,0,144702
798686750113755136,2409,0,144702
798682547630837760,4866,0,144702
798673117451325440,5721,0,144702
798665375516884993,4036,0,144702
798644042770751489,1912,0,144702
798628517273620480,2036,0,144702
798585098161549313,5899,0,144702
798576900688019456,6037,0,144702
798340744599797760,3461,0,144702
798209839306514432,2635,10728,144702
797971864723324932,3212,11969,144702
797545162159308800,5030,14984,144702
797236660651966464,6813,20564,144702
797165961484890113,27,231,144702
796904159865868288,9215,0,144702
796865951799083009,1976,7918,144702
796759840936919040,3146,12194,144702
796563435802726400,7497,0,144702
796484825502875648,1819,7801,144702
796387464403357696,4290,11340,144702
796177847564038144,14759,0,144702
796149749086875649,14759,33250,144702
796125600683540480,1862,5106,144703
796116448414461957,2485,9393,144702
796080075804475393,2394,8708,144702
796031486298386433,3834,11143,144702
795464331001561088,24462,51166,144702
795400264262053889,2973,10379,144702
795076730285391872,5599,16699,144702
794983741416415232,3487,0,144702
794926597468000259,2387,10577,144702
794355576146903043,10633,0,144702
794332329137291264,2753,9856,144702
794205286408003585,3416,9496,144702
793962221541933056,5052,17331,144702
793845145112371200,1931,9513,144702
793614319594401792,3238,0,144702
793601777308463104,1681,8221,144702
793500921481273345,2455,11002,144702
793286476301799424,9472,25325,144702
793271401113350145,2464,8956,144702
793256262322548741,8616,20588,144702
793241302385262592,3392,10844,144702
793226087023144960,2954,10139,144702
793210959003287553,2885,9197,144702
793195938047070209,5822,15761,144702
793180763617361921,2073,7157,144702
793165685325201412,2872,9715,144702
793150605191548928,1747,6366,144702
793135492858580992,2565,6646,144702
793120401413079041,4037,13076,144702
792913359805018113,4102,14766,144702
792883833364439040,4406,11656,144702
792773781206999040,1731,7579,144702
792394556390137856,4434,13862,144702
792050063153438720,1865,7388,144702
791821351946420224,21766,0,144702
791784077045166082,9916,0,144702
791780927877898241,3951,0,144702
791774931465953280,22916,46490,144702
791672322847637504,3238,12110,144702
791406955684368384,4251,13523,144702
791312159183634433,2616,9052,144702
791026214425268224,4224,0,144702
790987426131050500,2202,10146,144702
790946055508652032,4835,17130,144702
790723298204217344,2387,0,144702
790698755171364864,1985,8457,144702
790581949425475584,7396,21256,144702
790337589677002753,1932,8060,144702
790277117346975746,3265,12919,144702
790227638568808452,3680,0,144702
789986466051088384,2387,9524,144702
789960241177853952,4252,0,144702
789903600034189313,4245,10672,144702
789628658055020548,1829,7716,144702
789599242079838210,1983,6967,144702
789530877013393408,3487,12091,144702
789314372632018944,2362,8904,144702
789280767834746880,5105,0,144702
789268448748703744,2679,9380,144702
789137962068021249,2891,10010,144702
788908386943430656,12831,28206,144702
788765914992902144,10633,28157,144702
788552643979468800,7420,0,144702
788412144018661376,5431,16022,144702
788178268662984705,2163,7441,144702
788150585577050112,1333,6299,144702
788070120937619456,3532,0,144702
788039637453406209,1362,6307,144702
787810552592695296,3150,8899,144702
787717603741622272,2869,10540,144702
787397959788929025,2919,11184,144702
787322443945877504,1791,8023,144702
787111942498508800,6938,0,144702
786963064373534720,8202,27358,144702
786729988674449408,2485,0,144702
786709082849828864,6288,18733,144702
786664955043049472,2633,10917,144702
786595970293370880,3204,9694,144702
786363235746385920,3609,11201,144702
786286427768250368,2930,8191,144702
786233965241827333,4896,15698,144702
786051337297522688,158,1470,144702
786036967502913536,7243,0,144702
785927819176054784,3270,11698,144702
785872687017132033,1873,6878,144702
785639753186217984,2296,8051,144702
785533386513321988,2048,9359,144702
785515384317313025,1296,6277,144702
785264754247995392,1684,7455,144702
785170936622350336,4973,12372,144702
784826020293709826,3330,10397,144702
784517518371221505,2601,9224,144702
784431430411685888,1309,5865,144702
784183165795655680,8291,20651,144702
784057939640352768,11448,30600,144702
783839966405230592,11075,30816,144702
783821107061198850,2019,7552,144702
783695101801398276,3309,10736,144702
783466772167098368,2310,8690,144702
783391753726550016,5647,17341,144702
783347506784731136,5707,0,144702
783334639985389568,12007,29927,144702
783085703974514689,2262,8376,144702
782969140009107456,7573,24747,144702
782747134529531904,1443,7670,144702
782722598790725632,5525,17736,144702
782598640137187329,1927,8003,144702
782305867769217024,5727,17085,144702
782021823840026624,6373,0,144702
781955203444699136,3459,11414,144702
781661882474196992,2791,10715,144702
781655249211752448,1155,4098,144702
781524693396357120,5705,21275,144702
781308096455073793,2614,7328,144702
781251288990355457,2127,8639,144702
781163403222056960,2803,10053,144702
780931614150983680,7497,22171,144702
780858289093574656,2055,7367,144702
780800785462489090,1330,5626,144702
780601303617732608,3427,12409,144702
780543529827336192,1782,6476,144702
780496263422808064,3800,0,144702
780476555013349377,116,0,144702
780459368902959104,1104,5430,144702
780192070812196864,2302,8922,144702
780092040432480260,2356,0,144702
780074436359819264,5095,12509,144702
779834332596887552,7243,19400,144702
779377524342161408,3179,9027,144702
779124354206535695,18810,0,144702
779056095788752897,4640,15136,144702
778990705243029504,7401,20474,144702
778774459159379968,10163,0,144702
778764940568104960,374,889,144702
778748913645780993,1341,7060,144702
778650543019483137,1550,5910,144702
778624900596654080,1037,4752,144702
778408200802557953,4445,13958,144702
778396591732486144,12544,0,144702
778383385161035776,1128,5988,144702
778286810187399168,3384,10647,144702
778039087836069888,2707,8697,144702
778027034220126208,1654,6700,144702
777953400541634568,3618,0,144702
777885040357281792,1667,6509,144702
777684233540206592,2996,11488,144702
777641927919427584,4327,0,144702
777621514455814149,2555,8975,144702
777189768882946048,4395,14611,144702
776819012571455488,14022,0,144702
776813020089548800,1239,4986,144702
776477788987613185,2842,9043,144702
776249906839351296,9378,0,144702
776218204058357768,16253,30628,144702
776201521193218049,2567,9842,144702
776113305656188928,4456,12026,144702
776088319444877312,154,1887,144702
775898661951791106,16932,0,144702
775842724423557120,2722,11976,144702
775733305207554048,4076,14167,144702
775729183532220416,4691,13259,144702
775364825476165632,3047,7574,144702
775350846108426240,3996,10391,144702
775085132600442880,4841,15913,144702
774757898236878852,1823,8789,144702
774639387460112384,1764,6892,144702
774314403806253056,5648,22243,144702
773985732834758656,3963,10971,144702
773922284943896577,1782,6535,144702
773704687002451968,1660,6749,144702
773670353721753600,1336,5460,144702
773547596996571136,6306,22594,144702
773336787167145985,5198,0,144702
773308824254029826,7623,23792,144702
773247561583001600,3309,9652,144702
773191612633579521,4233,10211,144702
772877495989305348,3961,8755,144702
772826264096874500,2398,8236,144702
772615324260794368,3453,0,144702
772581559778025472,1728,6638,144702
772193107915964416,1422,6176,144702
772152991789019136,1154,3888,144702
772117678702071809,755,3853,144702
772114945936949249,476,2780,144702
772102971039580160,954,4087,144702
771908950375665664,1945,6724,144702
771770456517009408,3461,12254,144702
771500966810099713,2657,8436,144702
771380798096281600,5198,10713,144702
771171053431250945,7654,0,144702
771136648247640064,2985,9348,144702
771102124360998913,1466,6366,144702
771014301343748096,1684,7028,144702
770787852854652928,1227,5033,144702
770772759874076672,1447,5290,144702
770655142660169732,1799,7490,144702
770414278348247044,2135,6449,144702
770293558247038976,1509,6374,144702
770093767776997377,3122,0,144702
770069151037685760,2339,7739,144702
769940425801170949,9753,32010,144702
769695466921623552,1702,6539,144702
769335591808995329,7883,0,144702
769212283578875904,1758,5517,144702
768970937022709760,6643,14662,144702
768909767477751808,2734,0,144702
768855141948723200,905,4285,144702
768609597686943744,1227,4203,144702
768596291618299904,1304,5139,144702
768554158521745409,5946,0,144702
768473857036525572,3493,13892,144702
768193404517830656,3618,11085,144702
767884188863397888,1412,4837,144702
767754930266464257,5487,16308,144702
767500508068192258,2379,7642,144702
767191397493538821,3847,12529,144702
767122157629476866,2911,10363,144702
766864461642756096,5745,0,144702
766793450729734144,1378,5174,144702
766714921925144576,385,2653,144702
766693177336135680,812,4091,144702
766423258543644672,1620,6129,144702
766313316352462849,1921,6923,144702
766078092750233600,2679,0,144702
766069199026450432,868,4323,144702
766008592277377025,505,3817,144702
765719909049503744,2192,7375,144702
765669560888528897,1244,5289,144702
765395769549590528,3444,27028,144702
765371061932261376,2199,7216,144702
765222098633691136,3453,11851,144702
764857477905154048,1804,6578,144702
764259802650378240,1531,6136,144702
763956972077010945,56,768,144702
763837565564780549,4224,12811,144702
763183847194451968,1496,5473,144702
763167063695355904,3075,0,144702
763103485927849985,2328,7494,144702
762699858130116608,3680,12371,144702
762471784394268675,6551,11426,144702
762464539388485633,4252,10502,144702
762316489655476224,1141,4885,144702
762035686371364864,15811,32459,144702
761976711479193600,2046,5493,144702
761750502866649088,3984,0,144702
761745352076779520,878,4337,144702
761672994376806400,29576,50348,144702
761599872357261312,1202,4198,144702
761371037149827077,18371,0,144702
761334018830917632,1477,5275,144702
761292947749015552,1100,4556,144702
761227390836215808,1594,5403,144702
761004547850530816,3532,11519,144702
760893934457552897,991,3883,144702
760656994973933572,1936,6718,144702
760641137271070720,1319,5051,144702
760539183865880579,3689,7701,144702
760521673607086080,1412,4296,144702
760290219849637889,11702,27267,144702
760252756032651264,886,4005,144702
760190180481531904,1836,5793,144702
760153949710192640,31,0,144702
759943073749200896,2109,6046,144702
759923798737051648,5745,14918,144702
759846353224826880,2013,6836,144702
759793422261743616,1947,6068,144702
759557299618865152,1205,4782,144702
759447681597108224,2485,8628,144702
759446261539934208,496,1702,144702
759197388317847553,1981,6179,144702
759159934323924993,1176,0,144702
759099523532779520,4243,14744,144702
759047813560868866,2060,6600,144702
758854675097526272,912,3611,144702
758828659922702336,3897,11388,144702
758740312047005698,1634,5819,144702
758474966123810816,1021,3870,144702
758467244762497024,2249,4872,144702
758405701903519748,1939,5281,144702
758355060040593408,1099,3459,144702
758099635764359168,10163,19382,144703
758041019896193024,380,2741,144702
757741869644341248,3298,6976,144702
757729163776290825,8063,0,144702
757725642876129280,1230,4611,144702
757611664640446465,1121,4632,144702
757597904299253760,301,0,144702
757596066325864448,1071,4405,144702
757400162377592832,6964,15376,144702
757393109802180609,1767,5907,144702
757354760399941633,1445,4591,144702
756998049151549440,2013,6388,144702
756939218950160384,2035,6754,144702
756651752796094464,1327,5142,144702
756526248105566208,3642,10570,144703
756303284449767430,1113,4003,144702
756288534030475264,17690,43413,144702
756275833623502848,1556,6516,144702
755955933503782912,2931,7441,144702
755206590534418437,5426,16693,144702
755110668769038337,11254,21546,144702
754874841593970688,8042,0,144702
754856583969079297,2560,7000,144702
754747087846248448,531,2624,144702
754482103782404096,1984,5379,144702
754449512966619136,740,3808,144702
754120377874386944,2387,7977,144702
753655901052166144,2197,5924,144702
753420520834629632,3626,8016,144702
753398408988139520,1936,5841,144702
753375668877008896,2356,7749,144702
753298634498793472,5787,0,144702
753294487569522689,1058,3426,144702
753039830821511168,21190,37616,144703
753026973505581056,984,3978,144702
752932432744185856,6938,12826,144702
752917284578922496,1605,7011,144702
752701944171524096,2920,0,144703
752682090207055872,1614,6082,144702
752660715232722944,1577,4444,144702
752568224206688256,2306,5589,144702
752519690950500352,3479,7462,144702
752334515931054080,1108,3864,144702
752309394570878976,16517,0,144702
752173152931807232,1862,6034,144702
751950017322246144,935,3109,144702
751937170840121344,1351,5270,144702
751830394383790080,1971,5887,144702
751793661361422336,2933,5918,144702
751598357617971201,3072,8028,144702
751583847268179968,1123,4458,144702
751538714308972544,1279,5108,144702
751456908746354688,1015,3267,144702
751251247299190784,5952,12683,144702
751205363882532864,1847,6410,144702
751132876104687617,1317,5144,144702
750868782890057730,1385,4852,144702
750719632563142656,5105,13377,144702
750506206503038976,1154,4500,144702
750429297815552001,4327,13343,144702
750383411068534784,1163,4620,144702
750381685133418496,28,712,144702
750147208377409536,970,3151,144702
750132105863102464,1307,3669,144702
750117059602808832,1330,4388,144702
750101899009982464,854,3084,144702
750086836815486976,542,2202,144702
750071704093859840,3380,7951,144702
750056684286914561,906,3203,144702
750041628174217216,626,3222,144702
750026558547456000,796,2752,144702
750011400160841729,913,3282,144702
749996283729883136,827,3105,144702
749981277374128128,2485,5187,144702
749774190421639168,1332,4709,144702
749417653287129088,1665,6185,144702
749403093750648834,542,2659,144702
749395845976588288,3479,8683,144702
749317047558017024,2255,5556,144702
749075273010798592,2090,5818,144702
749064354620928000,1539,4861,144702
749036806121881602,800,3125,144702
748977405889503236,3426,10886,144702
748932637671223296,2279,5887,144702
748705597323898880,958,2808,144702
748699167502000129,1607,4806,144702
748692773788876800,1343,4291,144702
748575535303884801,1995,6150,144702
748568946752774144,673,2223,144702
748346686624440324,1240,5277,144702
748337862848962560,4148,7739,144702
748324050481647620,772,3718,144702
748307329658011649,716,3708,144702
748220828303695873,7878,14306,144702
747963614829678593,2164,5827,144702
747933425676525569,2571,6682,144702
747885874273214464,984,2979,144702
747844099428986880,753,2845,144702
747816857231626240,1173,4901,144702
747651430853525504,158,1408,144702
747648653817413632,5908,13043,144702
747600769478692864,556,2349,144702
747594051852075008,1063,3716,144702
747512671126323200,1625,5606,144702
747461612269887489,1050,3915,144702
747439450712596480,1930,5487,144702
747242308580548608,2924,0,144702
747219827526344708,1587,5318,144702
747204161125646336,929,3405,144702
747103485104099331,3997,9660,144702
746906459439529985,300,2920,144702
746872823977771008,2147,6044,144702
746818907684614144,1752,5357,144702
746790600704425984,1612,4924,144702
746757706116112384,3951,9679,144702
746726898085036033,1808,6105,144702
746542875601690625,1891,5092,144702
746521445350707200,987,0,144702
746507379341139972,1088,4698,144702
746369468511756288,1639,6234,144702
746131877086527488,2217,6967,144702
746056683365994496,814,3591,144702
745789745784041472,1077,4063,144702
745712589599014916,2352,7069,144702
745433870967832576,2560,7143,144702
745422732645535745,2450,8656,144702
745314880350101504,2770,7255,144702
745074613265149952,3543,7921,144702
745057283344719872,2282,7315,144702
744995568523612160,625,2992,144702
744971049620602880,2706,7948,144702
744709971296780288,1574,5655,144702
744334592493166593,2130,6840,144702
744234799360020481,78503,157771,144702
744223424764059648,371,1683,144702
743980027717509120,1101,4205,144702
743895849529389061,964,3668,144702
743835915802583040,2102,0,144702
743609206067040256,1388,4509,144702
743595368194129920,6586,18547,144702
743545585370791937,945,3555,144702
743510151680958465,3744,7967,144702
743253157753532416,1234,4262,144702
743222593470234624,1913,6260,144702
743210557239623680,1375,3865,144702
742534281772302336,3599,7117,144702
742528092657332225,1998,4459,144702
742465774154047488,3921,7318,144702
742423170473463808,3801,9883,144702
742385895052087300,1984,6849,144702
742161199639494656,1388,4378,144702
742150209887731712,1562,5163,144702
741793263812808706,1518,4578,144702
741743634094141440,2777,8223,144702
741438259667034112,840,3704,144702
741303864243200000,3230,8839,144702
741099773336379392,5552,10065,144702
741067306818797568,3122,9562,144702
740995100998766593,2766,6429,144702
740711788199743490,944,3430,144702
740699697422163968,789,2872,144702
740676976021798912,6864,18284,144702
740373189193256964,13365,35215,144702
740365076218183684,433,2481,144702
740359016048689152,870,3318,144702
740214038584557568,1973,6718,144702
739979191639244800,5946,20100,144702
739932936087216128,1081,4070,144702
739844404073074688,857,3833,144702
739623569819336705,1362,3808,144702
739606147276148736,1658,5403,144702
739544079319588864,21383,39813,144702
739485634323156992,2933,7195,144702
739238157791694849,58221,116467,144702
738891149612572673,6,112,144702
738885046782832640,1147,3800,144702
738883359779196928,796,3330,144702
738537504001953792,1549,5123,144702
738402415918125056,844,3261,144702
738184450748633089,1214,4342,144702
738166403467907072,3370,8833,144702
738156290900254721,650,2522,144702
737826014890496000,1776,5290,144702
737800304142471168,3471,10040,144702
737678689543020544,1331,5071,144702
737445876994609152,4475,10321,144702
737322739594330112,813,3627,144702
737310737551491075,7449,14752,144702
736736130620620800,1740,4298,144702
736392552031657984,7420,17774,144702
736365877722001409,1255,4001,144702
736225175608430592,2795,8179,144702
736010884653420544,3001,7932,144702
735991953473572864,1158,3618,144702
735648611367784448,1110,4042,144702
735635087207878657,2354,6205,144702
735274964362878976,5057,13070,144702
735256018284875776,886,3354,144702
735137028879360001,975,3143,144702
734912297295085568,528,2763,144702
734787690684657664,6301,12622,144702
734776360183431168,546,2520,144702
734559631394082816,396,1494,144702
733828123016450049,783,3589,144702
733822306246479872,1022,3695,144702
733482008106668032,956,3149,144702
733460102733135873,1287,4214,144702
733109485275860992,16932,50425,144702
732732193018155009,536,2452,144702
732726085725589504,890,3564,144702
732585889486888962,779,3681,144702
732375214819057664,2522,8120,144702
732005617171337216,5417,14963,144702
731285275100512256,994,3504,144702
731156023742988288,1270,3857,144702
730924654643314689,1979,6169,144702
730573383004487680,2131,4926,144702
730427201120833536,1051,3503,144702
730211855403241472,1058,3835,144702
730196704625098752,1915,4881,144702
729854734790754305,1131,4051,144702
729838605770891264,385,1729,144702
729823566028484608,1247,3991,144702
729463711119904772,2322,5821,144702
729113531270991872,325,1890,144702
728986383096946689,821,3155,144702
728760639972315136,1707,4694,144702
728751179681943552,683,2779,144702
728653952833728512,1035,3320,144703
728409960103686147,2006,4930,144702
728387165835677696,962,3708,144702
728046963732717569,1199,4323,144702
728035342121635841,1673,4585,144702
728015554473250816,1107,4123,144702
727685679342333952,639,2971,144702
727644517743104000,1747,5904,144702
727524757080539137,1223,4486,144702
727314416056803329,745,3348,144702
727286334147182592,816,3055,144702
727175381690781696,1388,3914,144702
727155742655025152,1334,3634,144702
726935089318363137,2462,6921,144702
726887082820554753,1522,3850,144702
726828223124897792,1003,3572,144702
726224900189511680,1148,4433,144702
725842289046749185,2679,7091,144702
725786712245440512,1370,4175,144702
725729321944506368,1784,5216,144702
725458796924002305,615,1415,144702
724983749226668032,1313,3735,144702
724771698126512129,639,2362,144702
724405726123311104,1647,5292,144702
724049859469295616,1776,4333,144702
724046343203856385,559,2666,144702
724004602748780546,1558,4188,144702
723912936180330496,1236,3902,144702
723688335806480385,2941,7698,144702
723673163800948736,891,3025,144702
723179728551723008,1870,5315,144702
722974582966214656,1564,4112,144702
722613351520608256,1637,4988,144702
721503162398597120,1853,4642,144702
721001180231503872,610,2528,144702
720785406564900865,767,3117,144702
720775346191278080,665,2481,144702
720415127506415616,1501,4147,144702
720389942216527872,2516,6396,144702
720340705894408192,975,2881,144702
720059472081784833,1116,3881,144702
720043174954147842,2014,4922,144702
719991154352222208,1737,4849,144702
719704490224398336,1436,4556,144702
719551379208073216,1914,5076,144702
719367763014393856,741,2803,144702
719339463458033665,1233,4438,144702
719332531645071360,956,3441,144702
718971898235854848,1076,3491,144702
718939241951195136,1760,5261,144702
718631497683582976,8053,18909,144702
718613305783398402,483,2441,144702
718540630683709445,1018,2460,144702
718460005985447936,525,2709,144702
718454725339934721,1509,4866,144702
718246886998687744,502,1931,144702
718234618122661888,997,3881,144702
717841801130979328,604,2468,144702
717790033953034240,1118,2885,144702
717537687239008257,1853,5799,144702
717428917016076293,452,1622,144702
717421804990701568,846,3167,144702
717047459982213120,1933,6311,144702
717009362452090881,968,3262,144702
716802964044845056,1172,4300,144702
716791146589110272,1574,8116,144702
716730379797970944,427,1238,144702
716447146686459905,5863,13096,144702
716439118184652801,209,2380,144702
716285507865542656,1063,2779,144702
716080869887381504,1909,6759,144702
715928423106027520,882,3206,144702
715758151270801409,1436,3732,144702
715733265223708672,1686,4674,144702
715704790270025728,565,2805,144702
715696743237730304,1290,3920,144702
715680795826982913,1614,4323,144702
715360349751484417,1568,5485,144702
715342466308784130,689,3051,144702
715220193576927233,650,2428,144702
715200624753819648,1882,5159,144702
715009755312439296,1226,4168,144702
714982300363173890,1037,3742,144702
714962719905021952,4267,7376,144702
714957620017307648,1408,4141,144702
714631576617938945,997,3295,144702
714606013974974464,929,3644,144702
714485234495041536,1132,2697,144702
714258258790387713,717,3045,144702
714251586676113411,831,3288,144702
714214115368108032,873,2281,144702
714141408463036416,1401,4326,144702
713919462244790272,787,3311,144702
713909862279876608,535,1915,144702
713900603437621249,743,2852,144702
713761197720473600,1379,4894,144702
713411074226274305,1297,4447,144702
713177543487135744,2840,7253,144702
713175907180089344,1473,4478,144702
712809025985978368,6698,18593,144702
712717840512598017,5001,12393,144702
712668654853337088,1220,4188,144702
712438159032893441,1568,5350,144702
712309440758808576,25,244,144702
712097430750289920,1034,3798,144702
712092745624633345,888,2954,144702
712085617388212225,485,3279,144702
712065007010385924,626,2274,144702
711998809858043904,126,0,144702
711968124745228288,2306,8105,144702
711743778164514816,985,2847,144702
711732680602345472,4119,8891,144702
711694788429553666,18371,32969,144702
711652651650457602,918,3872,144702
711363825979756544,1142,3679,144702
711306686208872448,736,3329,144702
711008018775851008,613,3006,144702
710997087345876993,1386,4584,144702
710844581445812225,693,2558,144702
710833117892898816,536,2694,144702
710658690886586372,563,2325,144702
710609963652087808,2388,4812,144702
710588934686908417,1873,4556,144702
710296729921429505,743,2385,144702
710283270106132480,522,2159,144702
710272297844797440,1248,4553,144702
710269109699739648,1127,2405,144702
710153181850935296,890,2922,144702
710140971284037632,879,2769,144702
710117014656950272,1996,5524,144702
709918798883774466,1087,3499,144702
709901256215666688,100,673,144702
709852847387627521,1203,3541,144702
709566166965075968,1211,3564,144702
709556954897764353,1074,3306,144702
709519240576036864,238,1500,144702
709449600415961088,575,2240,144702
709409458133323776,687,2625,144702
709225125749587968,574,2420,144702
709207347839836162,5819,12640,144702
709198395643068416,643,2438,144702
709179584944730112,668,2012,144702
709158332880297985,414,2046,144702
709042156699303936,1639,4766,144702
708853462201716736,658,1811,144702
708845821941387268,898,3004,144702
708834316713893888,501,1689,144702
708810915978854401,6940,16562,144702
708738143638450176,815,2754,144702
708711088997666817,722,2552,144702
708479650088034305,680,2566,144702
708469915515297792,815,3107,144702
708400866336894977,10118,16072,144702
708356463048204288,1321,3604,144702
708349470027751425,741,2357,144702
708149363256774660,1555,4299,144702
708130923141795840,850,3405,144702
708119489313951744,984,2700,144702
708109389455101952,549,1959,144702
708026248782585858,1930,4402,144702
707995814724026368,1124,3142,144702
707983188426153984,2,51,144702
707969809498152960,966,2715,144702
707776935007539200,955,3294,144702
707741517457260545,615,2500,144702
707738799544082433,2467,4101,144702
707693576495472641,997,3430,144702
707629649552134146,882,2586,144702
707610948723478529,6373,17067,144702
707420581654872064,699,2285,144702
707411934438625280,599,2311,144702
707387676719185920,1292,3516,144702
707377100785885184,1091,3291,144702
707315916783140866,640,2484,144702
707297311098011648,789,2789,144702
707059547140169728,673,2608,144702
707038192327901184,796,2197,144702
707021089608753152,1366,4101,144702
707014260413456384,596,2328,144702
706904523814649856,7883,14658,144702
706901761596989440,592,2073,144702
706681918348251136,978,3321,144702
706644897839910912,1094,2586,144702
706593038911545345,636,2171,144702
706538006853918722,1428,3494,144702
706516534877929472,1033,3121,144702
706346369204748288,929,3469,144702
706310011488698368,7954,21447,144702
706291001778950144,478,1709,144702
706265994973601792,938,2753,144702
706169069255446529,2223,3919,144702
706166467411222528,1610,5183,144702
706153300320784384,384,1490,144702
705975130514706432,735,3122,144702
705970349788291072,897,3182,144702
705898680587526145,551,2371,144702
705786532653883392,519,1952,144702
705591895322394625,1157,3186,144702
705475953783398401,920,2980,144702
705442520700944385,1630,4453,144702
705428427625635840,1693,3830,144702
705239209544720384,752,3021,144702
705223444686888960,802,2597,144702
705102439679201280,518,2159,144702
705066031337840642,619,2188,144702
704871453724954624,1117,4290,144702
704859558691414016,543,2265,144702
704847917308362754,1532,5100,144702
704819833553219584,991,2659,144702
704761120771465216,2924,6663,144702
704499785726889984,1019,2942,144702
704491224099647488,78,756,144702
704480331685040129,1070,3411,144702
704364645503647744,3560,8048,144702
704347321748819968,352,1590,144702
704134088924532736,459,1512,144702
704113298707505153,572,1855,144702
704054845121142784,922,2947,144702
703774238772166656,463,1848,144702
703769065844768768,1149,3299,144702
703631701117943808,682,2603,144702
703611486317502464,1530,3866,144702
703425003149250560,1370,3822,144702
703407252292673536,698,2455,144702
703382836347330562,1147,3536,144702
703356393781329922,387,1925,144702
703268521220972544,550,1979,144702
703079050210877440,3100,7444,144702
703041949650034688,12544,26508,144702
702932127499816960,731,2599,144702
702899151802126337,456,1619,144702
702684942141153280,1076,3241,144702
702671118226825216,558,2211,144702
702598099714314240,3448,12275,144702
702539513671897089,967,2902,144702
702332542343577600,1552,3209,144702
702321140488925184,1046,3290,144702
702276748847800320,768,2478,144702
702217446468493312,1340,4809,144702
701981390485725185,994,3469,144702
701952816642965504,1028,3860,144702
701889187134500865,1393,3567,144702
701805642395348998,1685,3437,144702
701601587219795968,454,2101,144702
701570477911896070,928,2832,144702
701545186879471618,612,2671,144702
701214700881756160,5120,12281,144702
700890391244103680,570,2220,144702
700864154249383937,625,2612,144702
700847567345688576,502,2474,144702
700796979434098688,946,2449,144702
700747788515020802,9378,22990,144702
700518061187723268,801,2633,144702
700505138482569216,578,2308,144702
700462010979500032,1795,4155,144702
700167517596164096,739,2647,144702
700151421916807169,674,2249,144702
700143752053182464,2734,7567,144702
700062718104104960,694,2666,144702
700029284593901568,589,2087,144702
700002074055016451,1346,3345,144702
699801817392291840,956,3079,144702
699788877217865730,510,2248,144702
699779630832685056,1233,2764,144702
699775878809702401,603,1973,144702
699691744225525762,4638,10333,144702
699446877801091073,2627,5991,144702
699434518667751424,518,2174,144702
699423671849451520,325,1373,144702
699413908797464576,625,2092,144702
699370870310113280,444,1902,144702
699323444782047232,865,3178,144702
699088579889332224,637,2259,144702
699079609774645248,659,2468,144702
699072405256409088,1199,3005,144702
699060279947165696,1809,3774,144702
699036661657767936,1203,2624,144702
698989035503689728,978,3370,144702
698953797952008193,907,2703,144702
698907974262222848,628,2568,144702
698710712454139905,685,2484,144702
698703483621523456,380,1459,144702
698635131305795584,339,1305,144702
698549713696649216,627,2342,144702
698355670425473025,449,1879,144702
698342080612007937,955,2283,144702
698262614669991936,2005,4792,144702
698195409219559425,5990,16840,144702
698178924120031232,740,2829,144702
697995514407682048,332,1527,144702
697990423684476929,1302,3315,144702
697943111201378304,685,2405,144702
697881462549430272,1185,3029,144702
697630435728322560,542,1763,144702
697616773278015490,1015,3188,144702
697596423848730625,1266,3036,144702
697575480820686848,498,2054,144702
697516214579523584,1117,2071,144702
697482927769255936,676,2429,144702
697463031882764288,1404,3441,144702
697270446429966336,1885,4723,144702
697259378236399616,1012,3318,144702
697255105972801536,1167,3052,144702
697242256848379904,670,2532,144702
696900204696625153,1022,3198,144702
696894894812565505,679,2359,144702
696886256886657024,1814,4897,144702
696877980375769088,712,2452,144702
696754882863349760,363,1492,144702
696744641916489729,942,2077,144702
696713835009417216,654,2384,144702
696518437233913856,1711,3934,144702
696490539101908992,143,1223,144702
696488710901260288,1023,2561,144702
696405997980676096,1163,3224,144702
696100768806522880,656,1942,144702
695816827381944320,1171,3034,144702
695794761660297217,775,3184,144702
695767669421768709,753,1875,144702
695629776980148225,2105,4595,144702
695446424020918272,1814,4413,144702
695409464418041856,3585,8722,144702
695314793360662529,1456,3652,144702
695095422348574720,615,2647,144702
695074328191332352,1103,2862,144702
695064344191721472,589,1603,144702
695051054296211456,787,2676,144702
694925794720792577,922,2712,144702
694905863685980160,942,2771,144702
694669722378485760,14455,35987,144702
694356675654983680,288,1512,144702
694352839993344000,617,2049,144702
694342028726001664,484,1584,144702
694329668942569472,502,2023,144702
694206574471057408,2043,4184,144702
694183373896572928,928,2968,144702
694001791655137281,1030,3428,144702
693993230313091072,404,1887,144702
693942351086120961,370,1756,144702
693647888581312512,589,2706,144702
693644216740769793,123,1354,144702
693642232151285760,413,2557,144702
693629975228977152,796,2458,144702
693622659251335168,376,1549,144702
693590843962331137,1969,5086,144702
693582294167244802,254,1657,144702
693486665285931008,639,1792,144702
693280720173801472,1239,3371,144702
693267061318012928,812,2395,144702
693262851218264065,501,2235,144702
693231807727280129,740,2887,144702
693155686491000832,3229,7925,144702
693109034023534592,615,1729,144702
693095443459342336,466,1874,144702
692919143163629568,756,2691,144702
692905862751522816,874,2442,144702
692901601640583168,604,1784,144702
692894228850999298,813,2286,144702
692828166163931137,885,2890,144702
692752401762250755,3654,6857,144702
692568918515392513,1541,4397,144702
692535307825213440,1373,3200,144702
692530551048294401,417,1845,144702
692423280028966913,228,1494,144702
692417313023332352,3484,9406,144702
692187005137076224,823,2542,144702
692158366030913536,789,2161,144702
692142790915014657,395,1663,144702
692041934689402880,1280,3432,144702
692017291282812928,962,2900,144702
691820333922455552,1667,3982,144702
691793053716221953,4242,8190,144702
691756958957883396,1010,2884,144702
691675652215414786,510,1969,144702
691483041324204033,565,2406,144702
691459709405118465,1146,4074,144702
691444869282295808,851,2671,144702
691416866452082688,7663,19439,144702
691321916024623104,665,2585,144702
691096613310316544,880,2978,144702
691090071332753408,337,1725,144702
690989312272396288,2882,5935,144702
690959652130045952,1257,3602,144702
690938899477221376,1975,4131,144702
690932576555528194,1027,3309,144702
690735892932222976,1276,3807,144702
690728923253055490,516,2189,144702
690690673629138944,819,2346,144702
690649993829576704,281,1311,144702
690607260360429569,17,294,144702
690597161306841088,607,1972,144702
690400367696297985,455,1902,144702
690374419777196032,851,3270,144702
690360449368465409,883,2687,144702
690348396616552449,518,1524,144702
690248561355657216,416,1688,144702
690021994562220032,1033,2814,144702
690015576308211712,733,2509,144702
690005060500217858,1694,3692,144702
689999384604450816,371,1432,144702
689993469801164801,450,1472,144702
689977555533848577,450,1381,144702
689905486972461056,700,2449,144702
689877686181715968,1173,3054,144702
689835978131935233,748,2178,144702
689661964914655233,930,3237,144702
689659372465688576,3890,10436,144702
689623661272240129,639,2242,144702
689599056876867584,5556,11726,144702
689557536375177216,457,2057,144702
689517482558820352,1437,3426,144702
689289219123089408,945,2276,144702
689283819090870273,1109,3297,144702
689280876073582592,715,1997,144702
689275259254616065,243,1156,144702
689255633275777024,1086,2578,144702
689154315265683456,1005,3098,144702
689143371370250240,516,2024,144702
688916208532455424,876,2741,144702
688908934925697024,773,2130,144702
688898160958271489,786,2113,144702
688894073864884227,698,2259,144702
688828561667567616,372,1390,144702
688804835492233216,191,970,144702
688789766343622656,666,2233,144702
688547210804498433,707,2621,144702
688519176466644993,729,2330,144702
688385280030670848,4496,9360,144702
688211956440801280,831,2257,144702
688179443353796608,586,2153,144702
688116655151435777,782,2848,144702
688064179421470721,361,1745,144702
687841446767013888,2527,5515,144702
687826841265172480,1123,2765,144702
687818504314159109,951,2506,144702
687807801670897665,719,2415,144702
687732144991551489,667,1777,144702
687704180304273409,848,2446,144702
687664829264453632,510,1957,144702
687494652870668288,578,1910,144702
687480748861947905,242,1610,144702
687476254459715584,535,2003,144702
687460506001633280,543,2071,144702
687399393394311168,619,1907,144702
687317306314240000,9215,20269,144702
687312378585812992,1909,4382,144702
687127927494963200,2286,5480,144702
687124485711986689,506,2179,144702
687109925361856513,2470,5834,144702
687102708889812993,985,2358,144702
687096057537363968,605,2262,144702
686947101016735744,3207,8686,144702
686760001961103360,1391,3543,144702
686749460672679938,1459,3495,144702
686730991906516992,1204,4170,144702
686683045143953408,808,2836,144702
686618349602762752,1372,3732,144702
686606069955735556,546,1907,144702
686394059078897668,689,1753,144702
686386521809772549,885,3276,144702
686377065986265092,572,2222,144702
686358356425093120,672,2202,144702
686286779679375361,1668,4031,144702
686050296934563840,731,2229,144702
686035780142297088,120,1158,144702
686034024800862208,1156,3121,144702
686007916130873345,415,2510,144702
686003207160610816,630,1843,144702
685973236358713344,524,2111,144702
685943807276412928,595,1640,144702
685906723014619143,2912,7566,144702
685681090388975616,126,2046,144702
685667379192414208,570,2376,144702
685663452032069632,1464,3259,144702
685641971164143616,786,2955,144702
685547936038666240,15729,33186,144702
685532292383666176,1165,3049,144702
685325112850124800,3984,9529,144702
685321586178670592,642,2679,144702
685315239903100929,1059,3352,144702
685307451701334016,445,2091,144702
685268753634967552,1201,3127,144702
685198997565345792,670,2365,144702
685169283572338688,1434,4142,144702
684969860808454144,370,2400,144702
684959798585110529,3138,6874,144702
684940049151070208,1050,3240,144702
684926975086034944,462,3518,144702
684914660081053696,1460,3540,144702
684902183876321280,533,1893,144702
684880619965411328,821,2120,144702
684830982659280897,21766,35262,144702
684800227459624960,1010,2749,144702
684594889858887680,3522,8967,144702
684588130326986752,1419,4142,144702
684567543613382656,1222,3045,144702
684538444857667585,957,2664,144702
684481074559381504,1171,3913,144702
684460069371654144,561,1988,144702
684241637099323392,3304,8201,144702
684225744407494656,209,1234,144702
684222868335505415,1375,3842,144702
684200372118904832,1040,2174,144702
684195085588783105,512,1921,144702
684188786104872960,1179,3511,144702
684177701129875456,666,2028,144702
684147889187209216,1520,3007,144702
684122891630342144,469,2023,144702
684097758874210310,1435,4147,144702
683857920510050305,1131,3820,144702
683852578183077888,346,1947,144702
683849932751646720,973,2624,144702
683834909291606017,1120,2637,144702
683828599284170753,1073,2817,144702
683773439333797890,1358,3373,144702
683742671509258241,3323,6527,144702
683515932363329536,2921,7387,144702
683498322573824003,967,3194,144702
683481228088049664,998,2666,144702
683462770029932544,675,2438,144702
683449695444799489,1611,3922,144702
683391852557561860,2409,7680,144702
683357973142474752,923,2939,144702
683142553609318400,1049,2888,144702
683111407806746624,918,3428,144702
683098815881154561,661,2175,144702
683078886620553216,567,1996,144702
683030066213818368,741,2175,144702
682962037429899265,16661,37083,144702
682808988178739200,169,1798,144702
682788441537560576,1111,2496,144702
682750546109968385,442,1526,144702
682697186228989953,357,1322,144702
682662431982772225,1080,3081,144702
682638830361513985,602,2084,144702
682429480204398592,1158,3449,144702
682406705142087680,1773,7613,144702
682393905736888321,675,2244,144702
682389078323662849,463,1665,144702
682303737705140231,980,3073,144702
682259524040966145,1210,4176,144702
682242692827447297,1171,3271,144702
682088079302213632,9916,18380,144702
682059653698686977,1691,4977,144702
682047327939461121,940,3215,144702
682032003584274432,2020,6620,144702
682003177596559360,1537,3156,144702
681981167097122816,1033,2826,144702
681891461017812993,824,2488,144702
681694085539872773,4071,12850,144702
681679526984871937,444,1778,144702
681654059175129088,926,2657,144702
681610798867845120,470,1922,144702
681579835668455424,1306,3571,144702
681523177663676416,5787,14391,144702
681340665377193984,278,1654,144702
681339448655802368,4103,9348,144702
681320187870711809,743,2655,144702
681302363064414209,1818,3958,144702
681297372102656000,955,3234,144702
681281657291280384,1100,3247,144702
681261549936340994,271,1468,144702
681242418453299201,530,1496,144702
681231109724700672,490,2425,144702
681193455364796417,1490,3715,144702
680970795137544192,658,2440,144702
680959110691590145,2011,4606,144702
680940246314430465,1052,3219,144702
680934982542561280,436,2097,144702
680913438424612864,624,2424,144702
680889648562991104,364,1772,144702
680836378243002368,1325,3490,144702
680805554198020098,662,2170,144702
680801747103793152,815,2389,144702
680798457301471234,1037,2868,144702
680609293079592961,706,2659,144702
680583894916304897,1334,3646,144702
680497766108381184,1918,4256,144702
680494726643068929,483,1731,144702
680473011644985345,744,2563,144702
680440374763077632,498,1454,144702
680221482581123072,293,1472,144702
680206703334408192,1176,2851,144702
680191257256136705,502,2160,144702
680176173301628928,1552,3911,144702
680161097740095489,736,2336,144702
680145970311643136,1745,3640,144702
680130881361686529,943,2303,144702
680115823365742593,905,2735,144702
680100725817409536,1378,3594,144702
680085611152338944,8993,12854,144702
680070545539371008,874,2597,144702
679877062409191424,649,1992,144702
679872969355714560,662,2193,144702
679862121895714818,622,2465,144702
679854723806179328,1230,2870,144702
679844490799091713,767,2373,144702
679828447187857408,14022,36408,144702
679777920601223168,1102,3108,144702
679736210798047232,790,2103,144702
679729593985699840,820,2167,144702
679722016581222400,465,1670,144702
679530280114372609,2080,4805,144702
679527802031484928,720,2644,144702
679511351870550016,1265,3380,144702
679503373272485890,1471,3172,144702
679475951516934144,638,2095,144702
679462823135686656,18810,31696,144702
679405845277462528,1201,2379,144702
679158373988876288,8042,21374,144702
679148763231985668,1023,2787,144702
679132435750195208,1149,2971,144702
679111216690831360,2572,5971,144702
679062614270468097,8063,16999,144702
679047485189439488,664,2248,144702
679001094530465792,1222,2827,144702
678991772295516161,1162,2311,144702
678969228704284672,455,1652,144702
678800283649069056,896,2575,144702
678798276842360832,1157,3454,144702
678774928607469569,901,2804,144702
678767140346941444,1353,3528,144702
678764513869611008,470,1631,144702
678755239630127104,3267,7110,144702
678740035362037760,1672,3752,144702
678708137298427904,2417,5582,144702
678675843183484930,1461,2859,144702
678643457146150913,407,2051,144702
678446151570427904,1535,3992,144702
678424312106393600,2531,5470,144702
678410210315247616,1798,4217,144702
678399652199309312,31635,79040,144702
678396796259975168,411,1594,144702
678389028614488064,421,1872,144702
678380236862578688,908,2441,144702
678341075375947776,536,1729,144702
678334497360859136,252,1303,144702
678278586130948096,6048,11405,144702
678255464182861824,361,1590,144702
678023323247357953,376,1911,144702
678021115718029313,6289,13640,144702
677961670166224897,1674,3410,144702
677918531514703872,405,1348,144702
677895101218201600,2058,4827,144702
677716515794329600,972,3046,144702
677700003327029250,1433,3378,144702
677698403548192770,317,1228,144702
677687604918272002,846,2481,144702
677673981332312066,1497,3323,144702
677662372920729601,953,1939,144702
677644091929329666,796,1848,144702
677573743309385728,700,2123,144702
677565715327688705,460,1293,144702
677557565589463040,1140,2429,144702
677547928504967168,3637,6902,144702
677530072887205888,226,1059,144702
677335745548390400,1769,3035,144702
677334615166730240,282,1342,144702
677331501395156992,234,1081,144702
677328882937298944,1492,3614,144702
677314812125323265,525,1637,144702
677301033169788928,398,1235,144702
677269281705472000,702,1980,144702
677228873407442944,1631,3534,144702
677187300187611136,909,2730,144702
676975532580409345,1056,2760,144702
676957860086095872,805,2230,144702
676949632774234114,390,1298,144702
676948236477857792,852,2162,144702
676946864479084545,364,1717,144702
676942428000112642,741,2058,144702
676936541936185344,4866,12629,144702
676916996760600576,1791,2958,144702
676897532954456065,713,2232,144702
676864501615042560,701,2086,144702
676821958043033607,15436,22810,144702
676819651066732545,658,1797,144702
676811746707918848,418,1409,144702
676776431406465024,2003,4963,144702
676617503762681856,952,2864,144702
676613908052996102,197,1073,144702
676606785097199616,429,1869,144702
676603393314578432,377,1151,144702
676593408224403456,2142,4538,144702
676590572941893632,120,910,144702
676588346097852417,772,2301,144702
676582956622721024,275,1189,144702
676575501977128964,1103,2566,144702
676533798876651520,548,1856,144702
676496375194980353,526,1506,144702
676470639084101634,4612,11496,144702
676440007570247681,656,1702,144702
676430933382295552,339,1383,144702
676263575653122048,536,2062,144702
676237365392908289,284,1207,144702
676219687039057920,30587,74930,144702
676215927814406144,569,1722,144702
676191832485810177,1017,2255,144702
676146341966438401,652,1895,144702
676121918416756736,1147,2143,144702
676101918813499392,1147,2794,144702
676098748976615425,1405,2979,144702
676089483918516224,426,1298,144702
675898130735476737,563,1598,144702
675891555769696257,842,2104,144702
675888385639251968,940,2354,144702
675878199931371520,1379,4126,144702
675870721063669760,557,1606,144702
675853064436391936,1271,2652,144702
675849018447167488,142,928,144702
675845657354215424,864,2244,144702
675822767435051008,527,1497,144702
675820929667219457,230,1036,144702
675798442703122432,3359,10119,144702
675781562965868544,459,1608,144702
675740360753160193,339,1153,144702
675710890956750848,801,1858,144702
675707330206547968,673,1945,144702
675706639471788032,93,631,144702
675534494439489536,404,1792,144702
675531475945709568,372,1166,144702
675522403582218240,282,1024,144702
675517828909424640,455,1271,144702
675501075957489664,5721,16893,144702
675497103322386432,1267,3088,144702
675489971617296384,584,1279,144702
675483430902214656,962,1817,144702
675432746517426176,556,1499,144702
675372240448454658,507,1663,144702
675362609739206656,226,1033,144702
675354435921575936,16517,32119,144702
675349384339542016,2228,3851,144702
675334060156301312,1258,2731,144702
675166823650848770,1561,3533,144702
675153376133427200,2524,6159,144702
675149409102012420,1641,3673,144702
675147105808306176,230,926,144702
675146535592706048,293,1162,144702
675145476954566656,882,2095,144702
675135153782571009,476,1277,144702
675113801096802304,772,1920,144702
675111688094527488,245,944,144702
675109292475830276,1108,2743,144702
675047298674663426,319,1044,144702
675015141583413248,1160,2658,144702
675006312288268288,218,966,144702
675003128568291329,456,1534,144702
674999807681908736,1083,2206,144702
674805413498527744,348,844,144702
674800520222154752,835,2958,144702
674793399141146624,1065,2466,144702
674790488185167872,242,1083,144702
674788554665512960,203,806,144702
674781762103414784,1169,1964,144702
674774481756377088,457,1090,144702
674767892831932416,764,1792,144702
674764817387900928,230,777,144702
674754018082705410,436,1341,144702
674752233200820224,452,1433,144702
674743008475090944,539,1375,144702
674742531037511680,49,477,144702
674739953134403584,377,1080,144702
674737130913071104,88,632,144702
674690135443775488,462,1124,144702
674670581682434048,633,1573,144702
674664755118911488,246,898,144702
674646392044941312,481,1405,144702
674644256330530816,262,1010,144702
674638615994089473,562,1651,144702
674632714662858753,559,1467,144702
674606911342424069,95,922,144702
674468880899788800,1981,6094,144702
674447403907457024,347,1037,144702
674436901579923456,382,1090,144702
674422304705744896,528,1411,144702
674416750885273600,134,668,144702
674410619106390016,447,1172,144702
674394782723014656,557,1480,144702
674372068062928900,306,831,144702
674330906434379776,72,546,144702
674318007229923329,509,1382,144702
674307341513269249,6772,11100,144702
674291837063053312,5707,14415,144702
674271431610523648,714,1538,144702
674269164442398721,223,889,144702
674265582246694913,826,1609,144702
674262580978937856,440,1278,144702
674255168825880576,531,1434,144702
674082852460433408,163,740,144702
674075285688614912,277,968,144702
674063288070742018,2139,6234,144702
674053186244734976,1261,3228,144702
674051556661161984,477,1417,144702
674045139690631169,625,1383,144702
674042553264685056,122,707,144702
674038233588723717,403,1076,144702
674036086168010753,202,831,144702
674024893172875264,1188,1739,144702
674019345211760640,295,1097,144702
674014384960745472,617,1526,144702
674008982932058114,341,1168,144702
673956914389192708,927,1908,144702
673919437611909120,362,1142,144702
673906403526995968,1590,3117,144702
673887867907739649,248,911,144702
673716320723169284,725,3017,144703
673715861853720576,2005,3466,144702
673711475735838725,293,1016,144702
673709992831262724,266,819,144702
673708611235921920,276,1053,144702
673707060090052608,380,1074,144702
673705679337693185,394,1227,144702
673700254269775872,548,1400,144702
673697980713705472,1912,3891,144702
673689733134946305,628,1696,144702
673688752737402881,478,1232,144702
673686845050527744,426,1408,144702
673680198160809984,453,1337,144702
673662677122719744,356,1225,144702
673656262056419329,232,699,144702
673636718965334016,347,1077,144702
673612854080196609,701,1563,144702
673583129559498752,349,1166,144702
673580926094458881,264,813,144702
673576835670777856,547,1353,144702
673363615379013632,296,998,144702
673359818736984064,656,1414,144702
673355879178194945,557,1462,144702
673352124999274496,524,1623,144702
673350198937153538,204,728,144702
673345638550134785,1224,2446,144702
673343217010679808,262,945,144702
673342308415348736,559,1238,144702
673320132811366400,7654,13142,144702
673317986296586240,248,857,144702
673295268553605120,3075,7336,144702
673270968295534593,351,1041,144702
673240798075449344,703,1393,144702
673213039743795200,815,2195,144702
673148804208660480,608,1652,144702
672997845381865473,693,1914,144702
672995267319328768,279,927,144702
672988786805112832,281,963,144702
672984142909456390,527,1229,144702
672980819271634944,979,1775,144702
672975131468300288,880,1631,144702
672970152493887488,347,926,144702
672968025906282496,524,1289,144702
672964561327235073,621,1386,144702
672902681409806336,485,1331,144702
672898206762672129,412,881,144702
672884426393653248,816,1506,144702
672877615439593473,344,1008,144702
672834301050937345,547,1286,144702
672828477930868736,474,1231,144702
672640509974827008,307,953,144702
672622327801233409,473,1259,144702
672614745925664768,558,1192,144702
672609152938721280,377,1083,144702
672604026190569472,384,1084,144702
672594978741354496,592,1300,144702
672591762242805761,326,927,144702
672591271085670400,177,703,144702
672538107540070400,351,1009,144702
672523490734551040,161,616,144702
672488522314567680,419,1081,144702
672482722825261057,577,1103,144702
672481316919734272,123,705,144702
672475084225949696,680,1401,144702
672466075045466113,517,1320,144702
672272411274932228,3257,6298,144702
672267570918129665,598,1457,144702
672264251789176834,326,1109,144702
672256522047614977,1490,2739,144702
672254177670729728,713,1390,144702
672248013293752320,585,1687,144702
672245253877968896,152,669,144702
672239279297454080,311,872,144702
672231046314901505,972,1782,144702
672222792075620352,205,763,144702
672205392827572224,1118,2204,144702
672169685991993344,357,995,144702
672160042234327040,346,848,144702
672139350159835138,670,1702,144702
672125275208069120,1102,2323,144702
672095186491711488,359,979,144702
672082170312290304,353,917,144702
672068090318987265,503,1260,144702
671896809300709376,4036,8275,144702
671891728106971137,559,1290,144702
671882082306625538,1343,3377,144702
671879137494245376,644,1371,144702
671874878652489728,535,1214,144702
671866342182637568,476,1089,144702
671855973984772097,422,877,144702
671789708968640512,3356,6867,144702
671768281401958400,484,1165,144702
671763349865160704,882,1631,144702
671744970634719232,738,1320,144702
671743150407421952,229,732,144702
671735591348891648,732,1406,144702
671729906628341761,4214,8270,144702
671561002136281088,6992,12447,144702
671550332464455680,203,887,144702
671547767500775424,572,1312,144702
671544874165002241,1017,1921,144702
671542985629241344,545,1065,144702
671538301157904385,377,912,144702
671536543010570240,388,1138,144702
671533943490011136,559,994,144702
671528761649688577,250,824,144702
671520732782923777,514,1361,144702
671518598289059840,285,929,144702
671511350426865664,683,1555,144702
671504605491109889,3435,6804,144702
671497587707535361,433,891,144702
671488513339211776,459,977,144702
671486386088865792,190,564,144702
671485057807351808,227,739,144702
671390180817915904,721,1408,144702
671362598324076544,288,1079,144702
671357843010908160,147,390,144702
671355857343524864,114,474,144702
671347597085433856,415,930,144702
671186162933985280,204,715,144702
671182547775299584,328,1089,144702
671166507850801152,334,851,144702
671163268581498880,1059,1606,144702
671159727754231808,79,360,144702
671154572044468225,211,692,144702
671151324042559489,150,651,144702
671147085991960577,209,648,144702
671141549288370177,634,1116,144702
671138694582165504,389,896,144702
671134062904504320,186,727,144702
671122204919246848,2434,3392,144702
671115716440031232,750,1330,144702
671109016219725825,421,1117,144702
670995969505435648,284,1083,144702
670842764863651840,8396,23955,144702
670840546554966016,188,574,144702
670838202509447168,671,1082,144702
670833812859932673,118,429,144702
670832455012716544,208,714,144702
670826280409919488,3926,5381,144702
670823764196741120,181,755,144702
670822709593571328,91,591,144702
670815497391357952,1492,3090,144702
670811965569282048,262,1097,144702
670807719151067136,477,1128,144702
670804601705242624,926,1901,144702
670803562457407488,85,332,144702
670797304698376195,231,717,144702
670792680469889025,265,802,144702
670789397210615808,230,646,144702
670786190031921152,196,588,144702
670783437142401025,375,805,144702
670782429121134593,742,1515,144702
670780561024270336,280,768,144702
670778058496974848,71,322,144702
670764103623966721,406,1046,144702
670755717859713024,107,428,144702
670733412878163972,496,930,144702
670727704916926465,345,805,144702
670717338665226240,470,1167,144702
670704688707301377,359,756,144702
670691627984359425,233,578,144702
670679630144274432,272,732,144702
670676092097810432,40,241,144702
670668383499735048,4851,10392,144702
670474236058800128,714,1474,144702
670468609693655041,84,347,144702
670465786746662913,531,945,144702
670452855871037440,197,533,144702
670449342516494336,629,1165,144702
670444955656130560,1912,6532,144702
670442337873600512,191,628,144702
670435821946826752,495,1027,144702
670434127938719744,622,1361,144702
670433248821026816,107,320,144702
670428280563085312,595,1343,144702
670427002554466305,154,510,144702
670421925039075328,609,1270,144702
670420569653809152,303,607,144702
670417414769758208,309,555,144702
670411370698022913,858,1971,144702
670408998013820928,213,542,144702
670403879788544000,149,415,144702
670385711116361728,197,548,144702
670374371102445568,261,733,144702
670361874861563904,63,321,144702
670338931251150849,104,417,144702
670319130621435904,1176,3782,144702
670303360680108032,126,418,144702
670290420111441920,273,681,144702
670093938074779648,318,998,144702
670086499208155136,244,681,144702
670079681849372674,1180,2163,144702
670073503555706880,759,1531,144702
670069087419133954,228,607,144702
670061506722140161,322,744,144702
670055038660800512,319,652,144702
670046952931721218,165,628,144702
670040295598354432,107,736,144702
670037189829525505,262,578,144702
670003130994700288,89,322,144702
669993076832759809,81,317,144702
669972011175813120,151,429,144702
669970042633789440,56,295,144702
669942763794931712,155,492,144702
669926384437997569,95,366,144702
669923323644657664,53,228,144702
669753178989142016,382,791,144702
669749430875258880,64,258,144702
669684865554620416,87,502,144702
669683899023405056,105,380,144702
669682095984410625,129,346,144702
669680153564442624,274,651,144702
669661792646373376,417,789,144702
669625907762618368,1755,3439,144702
669603084620980224,348,925,144702
669597912108789760,145,501,144702
669583744538451968,894,1455,144702
669573570759163904,134,427,144702
669571471778410496,981,1556,144702
669567591774625800,54,228,144702
669564461267722241,119,374,144702
669393256313184256,71,350,144702
669375718304980992,700,1297,144702
669371483794317312,172,484,144702
669367896104181761,146,450,144702
669363888236994561,219,605,144702
669359674819481600,116,363,144702
669354382627049472,1236,2624,144702
669353438988365824,254,614,144702
669351434509529089,174,420,144702
669328503091937280,405,991,144702
669327207240699904,114,562,144702
669324657376567296,200,488,144702
669216679721873412,393,1161,144702
669214165781868544,155,427,144702
669203728096960512,457,979,144702
669037058363662336,299,636,144702
669015743032369152,364,722,144702
669006782128353280,239,563,144702
669000397445533696,6143,20313,144702
668994913074286592,220,429,144702
668992363537309700,329,724,144702
668989615043424256,318,659,144702
668988183816871936,449,876,144702
668986018524233728,161,537,144702
668981893510119424,293,523,144702
668979806671884288,336,771,144702
668975677807423489,558,1266,144702
668967877119254528,22,141,144702
668960084974809088,232,686,144702
668955713004314625,68,269,144702
668932921458302977,55,255,144702
668902994700836864,97,309,144702
668892474547511297,144,387,144702
668872652652679168,290,511,144702
668852170888998912,155,440,144703
668826086256599040,130,424,144702
668815180734689280,256,544,144702
668779399630725120,354,683,144702
668655139528511488,212,511,144702
668645506898350081,514,856,144702
668643542311546881,512,855,144702
668641109086707712,525,1040,144702
668636665813057536,478,1014,144702
668633411083464705,1561,2722,144702
668631377374486528,306,690,144702
668627278264475648,110,308,144702
668625577880875008,125,374,144702
668623201287675904,732,1384,144702
668620235289837568,38,193,144702
668614819948453888,309,602,144702
668587383441514497,1038,1624,144702
668567822092664832,50,236,144702
668544745690562560,215,499,144702
668542336805281792,206,440,144702
668537837512433665,69,245,144702
668528771708952576,216,447,144702
668507509523615744,101,313,144702
668496999348633600,127,398,144702
668484198282485761,228,414,144702
668480044826800133,142,445,144702
668466899341221888,497,860,144702
668297328638447616,287,608,144702
668291999406125056,29,235,144702
668286279830867968,132,489,144702
668274247790391296,225,801,144702
668268907921326080,228,540,144702
668256321989451776,581,1259,144702
668248472370458624,467,949,144702
668237644992782336,2741,6015,144702
668226093875376128,98,290,144702
668221241640230912,188,501,144702
668204964695683073,187,540,144702
668190681446379520,191,631,144702
668171859951755264,186,468,144702
668154635664932864,297,480,144702
668142349051129856,271,559,144702
668113020489474048,227,651,144702
667937095915278337,765,1217,144702
667924896115245057,108,288,144702
667915453470232577,54,201,144702
667911425562669056,286,476,144702
667902449697558528,363,828,144702
667886921285246976,1034,1813,144702
667885044254572545,455,793,144702
667878741721415682,113,380,144702
667873844930215936,388,610,144702
667866724293877760,987,2926,144702
667861340749471744,74,236,144702
667832474953625600,60,287,144702
667806454573760512,471,1020,144702
667801013445750784,93,319,144702
667793409583771648,315,682,144702
667782464991965184,238,401,144702
667773195014021121,52,228,144702
667766675769573376,205,426,144702
667728196545200128,143,367,144702
667724302356258817,307,463,144702
667550904950915073,33,0,144702
667550882905632768,32,0,144702
667549055577362432,2172,5591,144702
667546741521195010,117,331,144702
667544320556335104,504,833,144702
667538891197542400,63,198,144702
667534815156183040,500,792,144702
667530908589760512,227,450,144702
667524857454854144,1070,1642,144702
667517642048163840,182,357,144702
667509364010450944,2036,6558,144702
667502640335572993,212,523,144702
667495797102141441,255,505,144702
667491009379606528,214,514,144702
667470559035432960,91,247,144702
667455448082227200,56,183,144702
667453023279554560,85,298,144702
667443425659232256,553,752,144702
667437278097252352,226,436,144702
667435689202614272,82,299,144702
667405339315146752,214,453,144702
667393430834667520,52,188,144702
667369227918143488,154,352,144702
667211855547486208,230,468,144702
667200525029539841,249,593,144702
667192066997374976,96,369,144702
667188689915760640,384,718,144702
667182792070062081,5899,13806,144702
667177989038297088,52,184,144702
667176164155375616,438,585,144702
667174963120574464,74,235,144702
667171260800061440,80,212,144702
667165590075940865,1082,2595,144702
667160273090932737,60,249,144702
667152164079423490,16203,45968,144702
667138269671505920,2102,4425,144702
667119796878725120,123,319,144702
667090893657276420,119,321,144702
667073648344346624,114,385,144702
667070482143944705,14,81,144702
667065535570550784,42,161,144702
667062181243039745,49,210,144702
667044094246576128,47,177,144702
667012601033924608,211,431,144702
666996132027977728,84,233,144702
666983947667116034,932,2451,144702
666837028449972224,530,776,144702
666835007768551424,77,203,144702
666826780179869698,89,244,144702
666817836334096384,238,492,144702
666804364988780544,85,222,144702
666786068205871104,464,723,144702
666781792255496192,181,368,144702
666776908487630848,165,331,144702
666739327293083650,62,223,144702
666701168228331520,208,411,144702
666691418707132416,45,177,144702
666649482315059201,587,1076,144702
666644823164719104,76,221,144702
666454714377183233,202,494,144702
666447344410484738,18,98,144702
666437273139982337,42,117,144702
666435652385423360,48,160,144702
666430724426358785,180,300,144702
666428276349472768,78,156,144702
666421158376562688,107,303,144702
666418789513326592,43,115,144702
666411507551481857,305,416,144702
666407126856765440,32,100,144702
666396247373291520,77,159,144702
666373753744588802,85,173,144702
666362758909284353,525,730,144702
666353288456101888,67,201,144702
666345417576210432,128,275,144702
666337882303524864,84,182,144702
666293911632134144,323,468,144702
666287406224695296,62,138,144702
666273097616637952,74,161,144702
666268910803644416,32,96,144702
666104133288665088,6037,13774,144702
666102155909144576,11,72,144702
666099513787052032,62,143,144702
666094000022159362,68,154,144702
666082916733198337,42,104,144702
666073100786774016,147,301,144702
666071193221509120,54,136,144702
666063827256086533,199,449,144702
666058600524156928,54,107,144702
666057090499244032,128,274,144702
666055525042405380,224,412,144702
666051853826850816,786,1134,144702
666050758794694657,51,125,144702
666049248165822465,41,99,144702
666044226329800704,133,274,144702
666033412701032449,41,113,144702
666029285002620928,42,121,144702
666020888022790149,466,2437,144702
